%!PS-Adobe-3.0 EPSF-3.0
%%Creator: (MATLAB, The MathWorks, Inc. Version 25.1.0.2973910 R2025a Update 1. Operating System: Darwin 25.3.0 Darwin Kernel Version 25.3.0: Wed Jan 28 20:54:22 PST 2026; root:xnu-12377.81.4~5/RELEASE_ARM64_T8112 arm64)
%%Title: ./metabolomic_cost_opt_vs_heu_vs_greedy_kEUR.eps
%%CreationDate: 2026-02-23T14:53:53
%%Pages: (atend)
%%BoundingBox:    0     0   398   274
%%LanguageLevel: 3
%%EndComments
/bd{bind def}bind def
/ld{load def}bd
/GR/grestore ld
/GS/gsave ld
/RM/rmoveto ld
/C/curveto ld
/t/show ld
/L/lineto ld
/RL/rlineto ld
/ML/setmiterlimit ld
/CT/concat ld
/f/fill ld
/N/newpath ld
/S/stroke ld
/CC/setcmykcolor ld
/A/ashow ld
/cp/closepath ld
/RC/setrgbcolor ld
/LJ/setlinejoin ld
/GC/setgray ld
/LW/setlinewidth ld
/LC/setlinecap ld
/LJ/setlinejoin ld
/SD/setdash ld
/M/moveto ld
/TX/translate ld
/R/rotate ld
/SC/scale ld

/CIRC {0 360 arc}bd
/F {exch findfont exch scalefont setfont}bd
/edef{ exch def } def
/scaleImg{ % width height outputDPI scaleImg
   /outputDPI edef
   /height edef
   /width edef
   /psDPI 72 def
   /sDPI psDPI outputDPI div def % DPI scale
   width sDPI mul % width * (psDPI / outputDPI)
   height sDPI mul
   scale
} def

% LineAttribute methods.linewidth linejoin linecap [dashpattern] dashOffset colorVal(s) <method>
/LAG {setgray setdash setlinecap setlinejoin setlinewidth} bd
/LAR {setrgbcolor setdash setlinecap setlinejoin setlinewidth} bd
/LAC {setcmykcolor setdash setlinecap setlinejoin setlinewidth} bd

% draw line impl
/DL { % VertexList NVerts StartPt DL
  N moveto { lineto } repeat stroke} def
% draw unfilled polyline impl
/DPL { % VertexList NVerts StartPt DPL
  N moveto { lineto } repeat closepath stroke} def
% draw filled polyline impl
/DPLF { % VertexList NVerts StartPt DPLF
  N moveto { lineto } repeat closepath fill } def
/DRL { % VertexList NVerts StartPt DRL
  N moveto { rlineto } repeat stroke} def
% draw unfilled polyline impl
/DRPL { % VertexList NVerts StartPt DRPL
  N moveto { rlineto } repeat closepath stroke} def
% draw filled polyline impl
/DRPLF { % VertexList NVerts StartPt DRPLF
  N moveto { rlineto } repeat closepath fill } def

%%Page: 1 1
%%PageBoundingBox:    0     0   398   274
%%BeginPageSetup
N
0 0 M
397.17 0 L
397.17 273.08 L
0 273.08 L
cp
clip
1.00 GC
0 273.08 397.17 273.08 397.17 0 3 0 0 DPLF
[   0.5 0 0  -0.5 0 270.083] CT
%%EndPageSetup
-56.67 -2.5 TX
1.00 LW
847 43 847 513 122 513 3 122 43 DPLF
2.00 2 2 [] 0 0.13 LAG
847 513 1 122 513 DL
240.12 505.75 1 240.12 513 DL
484.5 505.75 1 484.5 513 DL
728.88 505.75 1 728.88 513 DL
/Arial 20 F
GS
178.12 535.67 M
1 -1 scale
(Targeted Cost) t
GR
GS
432.5 535.67 M
1 -1 scale
(Global Cost) t
GR
GS
684.38 535.67 M
1 -1 scale
(Total Cost) t
GR
/Arial 22 F
GS
75.67 387 M
1 -1 scale
90 R
(Cost \(thousand euros\)) t
GR
122 43 1 122 513 DL
129.25 513 1 122 513 DL
129.25 443.95 1 122 443.95 DL
129.25 374.9 1 122 374.9 DL
129.25 305.84 1 122 305.84 DL
129.25 236.79 1 122 236.79 DL
129.25 167.74 1 122 167.74 DL
129.25 98.69 1 122 98.69 DL
/Arial 20 F
GS
106.33 520 M
1 -1 scale
(0) t
GR
GS
84.33 450.95 M
1 -1 scale
(100) t
GR
GS
84.33 381.9 M
1 -1 scale
(200) t
GR
GS
84.33 312.84 M
1 -1 scale
(300) t
GR
GS
84.33 243.79 M
1 -1 scale
(400) t
GR
GS
84.33 174.74 M
1 -1 scale
(500) t
GR
GS
84.33 105.69 M
1 -1 scale
(600) t
GR
1.00 2 0 [] 0 0.13 LAG
847 513 1 122 513 DL
0.30 0.55 0.85 RC
206.18 428.34 206.18 513 165.45 513 3 165.45 428.34 DPLF
450.56 188.97 450.56 513 409.83 513 3 409.83 188.97 DPLF
694.94 104.3 694.94 513 654.21 513 3 654.21 104.3 DPLF
1.00 0 0 [] 0 0.13 LAG
206.18 513 206.18 428.34 165.45 428.34 3 165.45 513 DPL
450.56 513 450.56 188.97 409.83 188.97 3 409.83 513 DPL
694.94 513 694.94 104.3 654.21 104.3 3 654.21 513 DPL
0.90 0.60 0.00 RC
260.48 430.5 260.48 513 219.75 513 3 219.75 430.5 DPLF
504.87 193.73 504.87 513 464.13 513 3 464.13 193.73 DPLF
749.25 111.23 749.25 513 708.52 513 3 708.52 111.23 DPLF
1.00 0 0 [] 0 0.13 LAG
260.48 513 260.48 430.5 219.75 430.5 3 219.75 513 DPL
504.87 513 504.87 193.73 464.13 193.73 3 464.13 513 DPL
749.25 513 749.25 111.23 708.52 111.23 3 708.52 513 DPL
0.00 0.60 0.50 RC
314.79 453.21 314.79 513 274.06 513 3 274.06 453.21 DPLF
559.17 280.66 559.17 513 518.44 513 3 518.44 280.66 DPLF
803.55 220.87 803.55 513 762.82 513 3 762.82 220.87 DPLF
1.00 0 0 [] 0 0.13 LAG
314.79 513 314.79 453.21 274.06 453.21 3 274.06 513 DPL
559.17 513 559.17 280.66 518.44 280.66 3 518.44 513 DPL
803.55 513 803.55 220.87 762.82 220.87 3 762.82 513 DPL
GS
160.81 416.17 M
1 -1 scale
(122.6) t
GR
GS
405.19 176.79 M
1 -1 scale
(469.3) t
GR
GS
649.57 92.13 M
1 -1 scale
(591.9) t
GR
GS
215.62 418.32 M
1 -1 scale
(119.5) t
GR
GS
459.5 181.56 M
1 -1 scale
(462.4) t
GR
GS
703.88 99.06 M
1 -1 scale
(581.8) t
GR
GS
274.93 441.04 M
1 -1 scale
(86.6) t
GR
GS
513.81 268.48 M
1 -1 scale
(336.5) t
GR
GS
758.19 208.7 M
1 -1 scale
(423.1) t
GR
GS
236.5 14.5 M
1 -1 scale
(Metabolomic Analysis Cost Comparison for 797 Patients) t
GR
1.00 GC
484 59 484 126 138 126 3 138 59 DPLF
0.30 0.55 0.85 RC
203.9 64.46 203.9 79.35 143.99 79.35 3 143.99 64.46 DPLF
1.00 0 0 [] 0 0.13 LAG
203.9 79.35 203.9 64.46 143.99 64.46 3 143.99 79.35 DPL
0.90 0.60 0.00 RC
203.9 85.06 203.9 99.94 143.99 99.94 3 143.99 85.06 DPLF
1.00 0 0 [] 0 0.13 LAG
203.9 99.94 203.9 85.06 143.99 85.06 3 143.99 99.94 DPL
0.00 0.60 0.50 RC
203.9 105.65 203.9 120.54 143.99 120.54 3 143.99 105.65 DPLF
1.00 0 0 [] 0 0.13 LAG
203.9 120.54 203.9 105.65 143.99 105.65 3 143.99 120.54 DPL
/Arial 18 F
GS
208.4 77.9 M
1 -1 scale
(Heuristic) t
GR
GS
208.4 98.5 M
1 -1 scale
(Global Greedy) t
GR
GS
208.4 119.1 M
1 -1 scale
(Recruitment and Allocation Model) t
GR
2.00 0 0 [] 0 0.13 LAG
484 126 484 59 138 59 3 138 126 DPL
%%Trailer
%%Pages: 1
%%EOF
