%!PS-Adobe-3.0 EPSF-3.0
%%Creator: (MATLAB, The MathWorks, Inc. Version 25.1.0.2973910 R2025a Update 1. Operating System: Linux 6.8.0-40-generic #40-Ubuntu SMP PREEMPT_DYNAMIC Fri Jul  5 10:34:03 UTC 2024 x86_64)
%%Title: ./reasons_no_inclusion_bar.eps
%%CreationDate: 2025-09-05T11:38:40
%%Pages: (atend)
%%BoundingBox:    0     0   620   270
%%LanguageLevel: 3
%%EndComments
/bd{bind def}bind def
/ld{load def}bd
/GR/grestore ld
/GS/gsave ld
/RM/rmoveto ld
/C/curveto ld
/t/show ld
/L/lineto ld
/RL/rlineto ld
/ML/setmiterlimit ld
/CT/concat ld
/f/fill ld
/N/newpath ld
/S/stroke ld
/CC/setcmykcolor ld
/A/ashow ld
/cp/closepath ld
/RC/setrgbcolor ld
/LJ/setlinejoin ld
/GC/setgray ld
/LW/setlinewidth ld
/LC/setlinecap ld
/LJ/setlinejoin ld
/SD/setdash ld
/M/moveto ld
/TX/translate ld
/R/rotate ld
/SC/scale ld

/CIRC {0 360 arc}bd
/F {exch findfont exch scalefont setfont}bd
/edef{ exch def } def
/scaleImg{ % width height outputDPI scaleImg
   /outputDPI edef
   /height edef
   /width edef
   /psDPI 72 def
   /sDPI psDPI outputDPI div def % DPI scale
   width sDPI mul % width * (psDPI / outputDPI)
   height sDPI mul
   scale
} def

% LineAttribute methods.linewidth linejoin linecap [dashpattern] dashOffset colorVal(s) <method>
/LAG {setgray setdash setlinecap setlinejoin setlinewidth} bd
/LAR {setrgbcolor setdash setlinecap setlinejoin setlinewidth} bd
/LAC {setcmykcolor setdash setlinecap setlinejoin setlinewidth} bd

% draw line impl
/DL { % VertexList NVerts StartPt DL
  N moveto { lineto } repeat stroke} def
% draw unfilled polyline impl
/DPL { % VertexList NVerts StartPt DPL
  N moveto { lineto } repeat closepath stroke} def
% draw filled polyline impl
/DPLF { % VertexList NVerts StartPt DPLF
  N moveto { lineto } repeat closepath fill } def
/DRL { % VertexList NVerts StartPt DRL
  N moveto { rlineto } repeat stroke} def
% draw unfilled polyline impl
/DRPL { % VertexList NVerts StartPt DRPL
  N moveto { rlineto } repeat closepath stroke} def
% draw filled polyline impl
/DRPLF { % VertexList NVerts StartPt DRPLF
  N moveto { rlineto } repeat closepath fill } def

%%Page: 1 1
%%PageBoundingBox:    0     0   620   270
%%BeginPageSetup
N
0 0 M
619.15 0 L
619.15 269.78 L
0 269.78 L
cp
clip
1.00 GC
0 269.78 619.15 269.78 619.15 0 3 0 0 DPLF
[  0.75 0 0 -0.75 0 269.775] CT
%%EndPageSetup
-0.13 -5.5 TX
1.00 LW
825 33 825 321 207 321 3 207 33 DPLF
/Helvetica 24 F
0.13 GC
GS
320 22.5 M
1 -1 scale
(Reasons for no inclusion in the study) t
GR
0.67 2 0 [] 0 0.13 LAG
207 33 1 207 321 DL
0.07 0.44 0.75 RC
768.82 95.27 207 95.27 207 64.14 3 768.82 64.14 DPLF
581.55 134.19 207 134.19 207 103.05 3 581.55 103.05 DPLF
581.55 173.11 207 173.11 207 141.97 3 581.55 141.97 DPLF
487.91 212.03 207 212.03 207 180.89 3 487.91 180.89 DPLF
394.27 250.95 207 250.95 207 219.81 3 394.27 219.81 DPLF
300.64 289.86 207 289.86 207 258.73 3 300.64 258.73 DPLF
1.33 0 0 [] 0 0.13 LAG
207 95.27 768.82 95.27 768.82 64.14 3 207 64.14 DPL
207 134.19 581.55 134.19 581.55 103.05 3 207 103.05 DPL
207 173.11 581.55 173.11 581.55 141.97 3 207 141.97 DPL
207 212.03 487.91 212.03 487.91 180.89 3 207 180.89 DPL
207 250.95 394.27 250.95 394.27 219.81 3 207 219.81 DPL
207 289.86 300.64 289.86 300.64 258.73 3 207 258.73 DPL
/Helvetica 16 F
GS
783.8 85.2 M
1 -1 scale
(30%) t
GR
GS
596.53 124.12 M
1 -1 scale
(20%) t
GR
GS
596.53 163.04 M
1 -1 scale
(20%) t
GR
GS
502.89 201.96 M
1 -1 scale
(15%) t
GR
GS
409.25 240.88 M
1 -1 scale
(10%) t
GR
GS
315.62 279.8 M
1 -1 scale
(5%) t
GR
/Helvetica 17.6 F
GS
472.5 361.2 M
1 -1 scale
(Percentage) t
GR
1.33 2 2 [] 0 0.13 LAG
825 321 1 207 321 DL
825 33 1 207 33 DL
207 314.83 1 207 321 DL
207 33 1 207 39.17 DL
300.64 314.83 1 300.64 321 DL
300.64 33 1 300.64 39.17 DL
394.27 314.83 1 394.27 321 DL
394.27 33 1 394.27 39.17 DL
487.91 314.83 1 487.91 321 DL
487.91 33 1 487.91 39.17 DL
581.55 314.83 1 581.55 321 DL
581.55 33 1 581.55 39.17 DL
675.18 314.83 1 675.18 321 DL
675.18 33 1 675.18 39.17 DL
768.82 314.83 1 768.82 321 DL
768.82 33 1 768.82 39.17 DL
/Helvetica 16 F
GS
202.5 341.87 M
1 -1 scale
(0) t
GR
GS
296.14 341.87 M
1 -1 scale
(5) t
GR
GS
385.27 341.87 M
1 -1 scale
(10) t
GR
GS
478.91 341.87 M
1 -1 scale
(15) t
GR
GS
572.55 341.87 M
1 -1 scale
(20) t
GR
GS
666.18 341.87 M
1 -1 scale
(25) t
GR
GS
759.82 341.87 M
1 -1 scale
(30) t
GR
207 321 1 207 33 DL
825 321 1 825 33 DL
213.17 79.7 1 207 79.7 DL
825 79.7 1 818.83 79.7 DL
213.17 118.62 1 207 118.62 DL
825 118.62 1 818.83 118.62 DL
213.17 157.54 1 207 157.54 DL
825 157.54 1 818.83 157.54 DL
213.17 196.46 1 207 196.46 DL
825 196.46 1 818.83 196.46 DL
213.17 235.38 1 207 235.38 DL
825 235.38 1 818.83 235.38 DL
213.17 274.3 1 207 274.3 DL
825 274.3 1 818.83 274.3 DL
GS
77.13 85.2 M
1 -1 scale
(Missing signature) t
GR
GS
79.13 124.12 M
1 -1 scale
(Language barrier) t
GR
GS
69.13 163.04 M
1 -1 scale
(Clinical preference) t
GR
GS
101.13 201.96 M
1 -1 scale
(Did not attend) t
GR
GS
-0.87 240.88 M
1 -1 scale
(Missing genetic confirmation) t
GR
GS
48.13 279.8 M
1 -1 scale
(Declined participation) t
GR
%%Trailer
%%Pages: 1
%%EOF
