%!PS-Adobe-3.0 EPSF-3.0
%%Creator: (MATLAB, The MathWorks, Inc. Version 25.1.0.2973910 R2025a Update 1. Operating System: Darwin 25.3.0 Darwin Kernel Version 25.3.0: Wed Jan 28 20:54:22 PST 2026; root:xnu-12377.81.4~5/RELEASE_ARM64_T8112 arm64)
%%Title: ./reasons_no_inclusion_bar.eps
%%CreationDate: 2026-03-15T16:07:29
%%Pages: (atend)
%%BoundingBox:    0     0   619   253
%%LanguageLevel: 3
%%EndComments
/bd{bind def}bind def
/ld{load def}bd
/GR/grestore ld
/GS/gsave ld
/RM/rmoveto ld
/C/curveto ld
/t/show ld
/L/lineto ld
/RL/rlineto ld
/ML/setmiterlimit ld
/CT/concat ld
/f/fill ld
/N/newpath ld
/S/stroke ld
/CC/setcmykcolor ld
/A/ashow ld
/cp/closepath ld
/RC/setrgbcolor ld
/LJ/setlinejoin ld
/GC/setgray ld
/LW/setlinewidth ld
/LC/setlinecap ld
/LJ/setlinejoin ld
/SD/setdash ld
/M/moveto ld
/TX/translate ld
/R/rotate ld
/SC/scale ld

/CIRC {0 360 arc}bd
/F {exch findfont exch scalefont setfont}bd
/edef{ exch def } def
/scaleImg{ % width height outputDPI scaleImg
   /outputDPI edef
   /height edef
   /width edef
   /psDPI 72 def
   /sDPI psDPI outputDPI div def % DPI scale
   width sDPI mul % width * (psDPI / outputDPI)
   height sDPI mul
   scale
} def

% LineAttribute methods.linewidth linejoin linecap [dashpattern] dashOffset colorVal(s) <method>
/LAG {setgray setdash setlinecap setlinejoin setlinewidth} bd
/LAR {setrgbcolor setdash setlinecap setlinejoin setlinewidth} bd
/LAC {setcmykcolor setdash setlinecap setlinejoin setlinewidth} bd

% draw line impl
/DL { % VertexList NVerts StartPt DL
  N moveto { lineto } repeat stroke} def
% draw unfilled polyline impl
/DPL { % VertexList NVerts StartPt DPL
  N moveto { lineto } repeat closepath stroke} def
% draw filled polyline impl
/DPLF { % VertexList NVerts StartPt DPLF
  N moveto { lineto } repeat closepath fill } def
/DRL { % VertexList NVerts StartPt DRL
  N moveto { rlineto } repeat stroke} def
% draw unfilled polyline impl
/DRPL { % VertexList NVerts StartPt DRPL
  N moveto { rlineto } repeat closepath stroke} def
% draw filled polyline impl
/DRPLF { % VertexList NVerts StartPt DRPLF
  N moveto { rlineto } repeat closepath fill } def

%%Page: 1 1
%%PageBoundingBox:    0     0   619   253
%%BeginPageSetup
N
0 0 M
618.4 0 L
618.4 252.9 L
0 252.9 L
cp
clip
1.00 GC
0 252.9 618.4 252.9 618.4 0 3 0 0 DPLF
[   0.5 0 0  -0.5 0 252.9] CT
%%EndPageSetup
-2.2 -40 TX
1.00 LW
1238 41 1238 479 312 479 3 312 41 DPLF
1.00 2 0 [] 0 0.13 LAG
312 41 1 312 479 DL
0.07 0.44 0.75 RC
1153.82 135.7 312 135.7 312 88.35 3 1153.82 88.35 DPLF
873.21 194.89 312 194.89 312 147.54 3 873.21 147.54 DPLF
873.21 254.08 312 254.08 312 206.73 3 873.21 206.73 DPLF
732.91 313.27 312 313.27 312 265.92 3 732.91 265.92 DPLF
592.61 372.46 312 372.46 312 325.11 3 592.61 325.11 DPLF
452.3 431.65 312 431.65 312 384.3 3 452.3 384.3 DPLF
2.00 0 0 [] 0 0.13 LAG
312 135.7 1153.82 135.7 1153.82 88.35 3 312 88.35 DPL
312 194.89 873.21 194.89 873.21 147.54 3 312 147.54 DPL
312 254.08 873.21 254.08 873.21 206.73 3 312 206.73 DPL
312 313.27 732.91 313.27 732.91 265.92 3 312 265.92 DPL
312 372.46 592.61 372.46 592.61 325.11 3 312 325.11 DPL
312 431.65 452.3 431.65 452.3 384.3 3 312 384.3 DPL
/Arial 24 F
GS
1176.27 120.53 M
1 -1 scale
(30%) t
GR
GS
895.66 179.72 M
1 -1 scale
(20%) t
GR
GS
895.66 238.91 M
1 -1 scale
(20%) t
GR
GS
755.36 298.09 M
1 -1 scale
(15%) t
GR
GS
615.05 357.28 M
1 -1 scale
(10%) t
GR
GS
474.75 416.47 M
1 -1 scale
(5%) t
GR
/Arial 26.4 F
GS
708.5 540.8 M
1 -1 scale
(Percentage) t
GR
2.00 2 2 [] 0 0.13 LAG
1238 479 1 312 479 DL
1238 41 1 312 41 DL
312 469.74 1 312 479 DL
312 41 1 312 50.26 DL
452.3 469.74 1 452.3 479 DL
452.3 41 1 452.3 50.26 DL
592.61 469.74 1 592.61 479 DL
592.61 41 1 592.61 50.26 DL
732.91 469.74 1 732.91 479 DL
732.91 41 1 732.91 50.26 DL
873.21 469.74 1 873.21 479 DL
873.21 41 1 873.21 50.26 DL
1013.52 469.74 1 1013.52 479 DL
1013.52 41 1 1013.52 50.26 DL
1153.82 469.74 1 1153.82 479 DL
1153.82 41 1 1153.82 50.26 DL
/Arial 24 F
GS
305.5 509.8 M
1 -1 scale
(0) t
GR
GS
445.8 509.8 M
1 -1 scale
(5) t
GR
GS
579.11 509.8 M
1 -1 scale
(10) t
GR
GS
719.41 509.8 M
1 -1 scale
(15) t
GR
GS
859.71 509.8 M
1 -1 scale
(20) t
GR
GS
1000.02 509.8 M
1 -1 scale
(25) t
GR
GS
1140.32 509.8 M
1 -1 scale
(30) t
GR
312 479 1 312 41 DL
1238 479 1 1238 41 DL
321.26 112.03 1 312 112.03 DL
1238 112.03 1 1228.74 112.03 DL
321.26 171.22 1 312 171.22 DL
1238 171.22 1 1228.74 171.22 DL
321.26 230.41 1 312 230.41 DL
1238 230.41 1 1228.74 230.41 DL
321.26 289.59 1 312 289.59 DL
1238 289.59 1 1228.74 289.59 DL
321.26 348.78 1 312 348.78 DL
1238 348.78 1 1228.74 348.78 DL
321.26 407.97 1 312 407.97 DL
1238 407.97 1 1228.74 407.97 DL
GS
116.2 120.53 M
1 -1 scale
(Missing signature) t
GR
GS
120.2 179.72 M
1 -1 scale
(Language barrier) t
GR
GS
104.2 238.91 M
1 -1 scale
(Clinical preference) t
GR
GS
154.2 298.09 M
1 -1 scale
(Did not attend) t
GR
GS
0.2 357.28 M
1 -1 scale
(Missing genetic confirmation) t
GR
GS
74.2 416.47 M
1 -1 scale
(Declined participation) t
GR
%%Trailer
%%Pages: 1
%%EOF
