%!PS-Adobe-3.0 EPSF-3.0
%%Creator: (MATLAB, The MathWorks, Inc. Version 25.1.0.2973910 R2025a Update 1. Operating System: Linux 6.8.0-40-generic #40-Ubuntu SMP PREEMPT_DYNAMIC Fri Jul  5 10:34:03 UTC 2024 x86_64)
%%Title: ./reasons_no_inclusion_bar.eps
%%CreationDate: 2026-06-25T11:47:41
%%Pages: (atend)
%%BoundingBox:    0     0   620   255
%%LanguageLevel: 3
%%EndComments
/bd{bind def}bind def
/ld{load def}bd
/GR/grestore ld
/GS/gsave ld
/RM/rmoveto ld
/C/curveto ld
/t/show ld
/L/lineto ld
/RL/rlineto ld
/ML/setmiterlimit ld
/CT/concat ld
/f/fill ld
/N/newpath ld
/S/stroke ld
/CC/setcmykcolor ld
/A/ashow ld
/cp/closepath ld
/RC/setrgbcolor ld
/LJ/setlinejoin ld
/GC/setgray ld
/LW/setlinewidth ld
/LC/setlinecap ld
/LJ/setlinejoin ld
/SD/setdash ld
/M/moveto ld
/TX/translate ld
/R/rotate ld
/SC/scale ld

/CIRC {0 360 arc}bd
/F {exch findfont exch scalefont setfont}bd
/edef{ exch def } def
/scaleImg{ % width height outputDPI scaleImg
   /outputDPI edef
   /height edef
   /width edef
   /psDPI 72 def
   /sDPI psDPI outputDPI div def % DPI scale
   width sDPI mul % width * (psDPI / outputDPI)
   height sDPI mul
   scale
} def

% LineAttribute methods.linewidth linejoin linecap [dashpattern] dashOffset colorVal(s) <method>
/LAG {setgray setdash setlinecap setlinejoin setlinewidth} bd
/LAR {setrgbcolor setdash setlinecap setlinejoin setlinewidth} bd
/LAC {setcmykcolor setdash setlinecap setlinejoin setlinewidth} bd

% draw line impl
/DL { % VertexList NVerts StartPt DL
  N moveto { lineto } repeat stroke} def
% draw unfilled polyline impl
/DPL { % VertexList NVerts StartPt DPL
  N moveto { lineto } repeat closepath stroke} def
% draw filled polyline impl
/DPLF { % VertexList NVerts StartPt DPLF
  N moveto { lineto } repeat closepath fill } def
/DRL { % VertexList NVerts StartPt DRL
  N moveto { rlineto } repeat stroke} def
% draw unfilled polyline impl
/DRPL { % VertexList NVerts StartPt DRPL
  N moveto { rlineto } repeat closepath stroke} def
% draw filled polyline impl
/DRPLF { % VertexList NVerts StartPt DRPLF
  N moveto { rlineto } repeat closepath fill } def

%%Page: 1 1
%%PageBoundingBox:    0     0   620   255
%%BeginPageSetup
N
0 0 M
619.15 0 L
619.15 254.15 L
0 254.15 L
cp
clip
1.00 GC
0 254.15 619.15 254.15 619.15 0 3 0 0 DPLF
[  0.75 0 0 -0.75 0 254.15] CT
%%EndPageSetup
-0.13 -26.33 TX
1.00 LW
825 27 825 321 207 321 3 207 27 DPLF
0.67 2 0 [] 0 0.13 LAG
207 27 1 207 321 DL
0.07 0.44 0.75 RC
768.82 90.57 207 90.57 207 58.78 3 768.82 58.78 DPLF
581.55 130.3 207 130.3 207 98.51 3 581.55 98.51 DPLF
581.55 170.03 207 170.03 207 138.24 3 581.55 138.24 DPLF
487.91 209.76 207 209.76 207 177.97 3 487.91 177.97 DPLF
394.27 249.49 207 249.49 207 217.7 3 394.27 217.7 DPLF
300.64 289.22 207 289.22 207 257.43 3 300.64 257.43 DPLF
1.33 0 0 [] 0 0.13 LAG
207 90.57 768.82 90.57 768.82 58.78 3 207 58.78 DPL
207 130.3 581.55 130.3 581.55 98.51 3 207 98.51 DPL
207 170.03 581.55 170.03 581.55 138.24 3 207 138.24 DPL
207 209.76 487.91 209.76 487.91 177.97 3 207 177.97 DPL
207 249.49 394.27 249.49 394.27 217.7 3 207 217.7 DPL
207 289.22 300.64 289.22 300.64 257.43 3 207 257.43 DPL
/Helvetica 16 F
GS
783.8 80.18 M
1 -1 scale
(30%) t
GR
GS
596.53 119.91 M
1 -1 scale
(20%) t
GR
GS
596.53 159.64 M
1 -1 scale
(20%) t
GR
GS
502.89 199.36 M
1 -1 scale
(15%) t
GR
GS
409.25 239.09 M
1 -1 scale
(10%) t
GR
GS
315.62 278.82 M
1 -1 scale
(5%) t
GR
/Helvetica 17.6 F
GS
472.5 361.2 M
1 -1 scale
(Percentage) t
GR
1.33 2 2 [] 0 0.13 LAG
825 321 1 207 321 DL
825 27 1 207 27 DL
207 314.83 1 207 321 DL
207 27 1 207 33.17 DL
300.64 314.83 1 300.64 321 DL
300.64 27 1 300.64 33.17 DL
394.27 314.83 1 394.27 321 DL
394.27 27 1 394.27 33.17 DL
487.91 314.83 1 487.91 321 DL
487.91 27 1 487.91 33.17 DL
581.55 314.83 1 581.55 321 DL
581.55 27 1 581.55 33.17 DL
675.18 314.83 1 675.18 321 DL
675.18 27 1 675.18 33.17 DL
768.82 314.83 1 768.82 321 DL
768.82 27 1 768.82 33.17 DL
/Helvetica 16 F
GS
202.5 341.87 M
1 -1 scale
(0) t
GR
GS
296.14 341.87 M
1 -1 scale
(5) t
GR
GS
385.27 341.87 M
1 -1 scale
(10) t
GR
GS
478.91 341.87 M
1 -1 scale
(15) t
GR
GS
572.55 341.87 M
1 -1 scale
(20) t
GR
GS
666.18 341.87 M
1 -1 scale
(25) t
GR
GS
759.82 341.87 M
1 -1 scale
(30) t
GR
207 321 1 207 27 DL
825 321 1 825 27 DL
213.17 74.68 1 207 74.68 DL
825 74.68 1 818.83 74.68 DL
213.17 114.41 1 207 114.41 DL
825 114.41 1 818.83 114.41 DL
213.17 154.14 1 207 154.14 DL
825 154.14 1 818.83 154.14 DL
213.17 193.86 1 207 193.86 DL
825 193.86 1 818.83 193.86 DL
213.17 233.59 1 207 233.59 DL
825 233.59 1 818.83 233.59 DL
213.17 273.32 1 207 273.32 DL
825 273.32 1 818.83 273.32 DL
GS
77.13 80.18 M
1 -1 scale
(Missing signature) t
GR
GS
79.13 119.91 M
1 -1 scale
(Language barrier) t
GR
GS
69.13 159.64 M
1 -1 scale
(Clinical preference) t
GR
GS
101.13 199.36 M
1 -1 scale
(Did not attend) t
GR
GS
-0.87 239.09 M
1 -1 scale
(Missing genetic confirmation) t
GR
GS
48.13 278.82 M
1 -1 scale
(Declined participation) t
GR
%%Trailer
%%Pages: 1
%%EOF
