%!PS-Adobe-3.0 EPSF-3.0
%%Creator: (MATLAB, The MathWorks, Inc. Version 25.1.0.2973910 R2025a Update 1. Operating System: Linux 6.8.0-40-generic #40-Ubuntu SMP PREEMPT_DYNAMIC Fri Jul  5 10:34:03 UTC 2024 x86_64)
%%Title: ./reasons_no_inclusion_bar.eps
%%CreationDate: 2025-09-03T17:46:12
%%Pages: (atend)
%%BoundingBox:    0     0   619   270
%%LanguageLevel: 3
%%EndComments
/bd{bind def}bind def
/ld{load def}bd
/GR/grestore ld
/GS/gsave ld
/RM/rmoveto ld
/C/curveto ld
/t/show ld
/L/lineto ld
/RL/rlineto ld
/ML/setmiterlimit ld
/CT/concat ld
/f/fill ld
/N/newpath ld
/S/stroke ld
/CC/setcmykcolor ld
/A/ashow ld
/cp/closepath ld
/RC/setrgbcolor ld
/LJ/setlinejoin ld
/GC/setgray ld
/LW/setlinewidth ld
/LC/setlinecap ld
/LJ/setlinejoin ld
/SD/setdash ld
/M/moveto ld
/TX/translate ld
/R/rotate ld
/SC/scale ld

/CIRC {0 360 arc}bd
/F {exch findfont exch scalefont setfont}bd
/edef{ exch def } def
/scaleImg{ % width height outputDPI scaleImg
   /outputDPI edef
   /height edef
   /width edef
   /psDPI 72 def
   /sDPI psDPI outputDPI div def % DPI scale
   width sDPI mul % width * (psDPI / outputDPI)
   height sDPI mul
   scale
} def

% LineAttribute methods.linewidth linejoin linecap [dashpattern] dashOffset colorVal(s) <method>
/LAG {setgray setdash setlinecap setlinejoin setlinewidth} bd
/LAR {setrgbcolor setdash setlinecap setlinejoin setlinewidth} bd
/LAC {setcmykcolor setdash setlinecap setlinejoin setlinewidth} bd

% draw line impl
/DL { % VertexList NVerts StartPt DL
  N moveto { lineto } repeat stroke} def
% draw unfilled polyline impl
/DPL { % VertexList NVerts StartPt DPL
  N moveto { lineto } repeat closepath stroke} def
% draw filled polyline impl
/DPLF { % VertexList NVerts StartPt DPLF
  N moveto { lineto } repeat closepath fill } def
/DRL { % VertexList NVerts StartPt DRL
  N moveto { rlineto } repeat stroke} def
% draw unfilled polyline impl
/DRPL { % VertexList NVerts StartPt DRPL
  N moveto { rlineto } repeat closepath stroke} def
% draw filled polyline impl
/DRPLF { % VertexList NVerts StartPt DRPLF
  N moveto { rlineto } repeat closepath fill } def

%%Page: 1 1
%%PageBoundingBox:    0     0   619   270
%%BeginPageSetup
N
0 0 M
618.4 0 L
618.4 269.78 L
0 269.78 L
cp
clip
1.00 GC
0 269.78 618.4 269.78 618.4 0 3 0 0 DPLF
[  0.75 0 0 -0.75 0 269.775] CT
%%EndPageSetup
-1.13 -5.5 TX
1.00 LW
825 33 825 321 250 321 3 250 33 DPLF
/Helvetica 24 F
0.13 GC
GS
341.5 22.5 M
1 -1 scale
(Reasons for no inclusion in the study) t
GR
0.67 2 0 [] 0 0.13 LAG
250 33 1 250 321 DL
0.07 0.44 0.75 RC
764.93 95.27 250 95.27 250 64.14 3 764.93 64.14 DPLF
593.28 134.19 250 134.19 250 103.05 3 593.28 103.05 DPLF
593.28 173.11 250 173.11 250 141.97 3 593.28 141.97 DPLF
507.46 212.03 250 212.03 250 180.89 3 507.46 180.89 DPLF
421.64 250.95 250 250.95 250 219.81 3 421.64 219.81 DPLF
335.82 289.86 250 289.86 250 258.73 3 335.82 258.73 DPLF
1.33 0 0 [] 0 0.13 LAG
250 95.27 764.93 95.27 764.93 64.14 3 250 64.14 DPL
250 134.19 593.28 134.19 593.28 103.05 3 250 103.05 DPL
250 173.11 593.28 173.11 593.28 141.97 3 250 141.97 DPL
250 212.03 507.46 212.03 507.46 180.89 3 250 180.89 DPL
250 250.95 421.64 250.95 421.64 219.81 3 250 219.81 DPL
250 289.86 335.82 289.86 335.82 258.73 3 250 258.73 DPL
/Helvetica 16 F
GS
778.66 85.2 M
1 -1 scale
(30%) t
GR
GS
607.01 124.12 M
1 -1 scale
(20%) t
GR
GS
607.01 163.04 M
1 -1 scale
(20%) t
GR
GS
521.19 201.96 M
1 -1 scale
(15%) t
GR
GS
435.37 240.88 M
1 -1 scale
(10%) t
GR
GS
349.55 279.8 M
1 -1 scale
(5%) t
GR
/Helvetica 17.6 F
GS
494 361.2 M
1 -1 scale
(Percentage) t
GR
1.33 2 2 [] 0 0.13 LAG
825 321 1 250 321 DL
825 33 1 250 33 DL
250 315.26 1 250 321 DL
250 33 1 250 38.74 DL
335.82 315.26 1 335.82 321 DL
335.82 33 1 335.82 38.74 DL
421.64 315.26 1 421.64 321 DL
421.64 33 1 421.64 38.74 DL
507.46 315.26 1 507.46 321 DL
507.46 33 1 507.46 38.74 DL
593.28 315.26 1 593.28 321 DL
593.28 33 1 593.28 38.74 DL
679.1 315.26 1 679.1 321 DL
679.1 33 1 679.1 38.74 DL
764.93 315.26 1 764.93 321 DL
764.93 33 1 764.93 38.74 DL
/Helvetica 16 F
GS
245.5 341.87 M
1 -1 scale
(0) t
GR
GS
331.32 341.87 M
1 -1 scale
(5) t
GR
GS
412.64 341.87 M
1 -1 scale
(10) t
GR
GS
498.46 341.87 M
1 -1 scale
(15) t
GR
GS
584.28 341.87 M
1 -1 scale
(20) t
GR
GS
670.1 341.87 M
1 -1 scale
(25) t
GR
GS
755.93 341.87 M
1 -1 scale
(30) t
GR
250 321 1 250 33 DL
825 321 1 825 33 DL
255.74 79.7 1 250 79.7 DL
825 79.7 1 819.26 79.7 DL
255.74 118.62 1 250 118.62 DL
825 118.62 1 819.26 118.62 DL
255.74 157.54 1 250 157.54 DL
825 157.54 1 819.26 157.54 DL
255.74 196.46 1 250 196.46 DL
825 196.46 1 819.26 196.46 DL
255.74 235.38 1 250 235.38 DL
825 235.38 1 819.26 235.38 DL
255.74 274.3 1 250 274.3 DL
825 274.3 1 819.26 274.3 DL
GS
103.13 85.2 M
1 -1 scale
(One-parent consent) t
GR
GS
122.13 124.12 M
1 -1 scale
(Language barrier) t
GR
GS
45.13 163.04 M
1 -1 scale
(Too unwell or no blood draw) t
GR
GS
144.13 201.96 M
1 -1 scale
(Did not attend) t
GR
GS
0.13 240.88 M
1 -1 scale
(No genetic test \(legacy PA/MSUD\)) t
GR
GS
91.13 279.8 M
1 -1 scale
(Declined participation) t
GR
%%Trailer
%%Pages: 1
%%EOF
