%!PS-Adobe-3.0 EPSF-3.0
%%Creator: (MATLAB, The MathWorks, Inc. Version 25.1.0.2973910 R2025a Update 1. Operating System: Darwin 25.3.0 Darwin Kernel Version 25.3.0: Wed Jan 28 20:54:22 PST 2026; root:xnu-12377.81.4~5/RELEASE_ARM64_T8112 arm64)
%%Title: ./reasons_no_inclusion_bar.eps
%%CreationDate: 2026-02-23T16:22:21
%%Pages: (atend)
%%BoundingBox:    0     0   619   268
%%LanguageLevel: 3
%%EndComments
/bd{bind def}bind def
/ld{load def}bd
/GR/grestore ld
/GS/gsave ld
/RM/rmoveto ld
/C/curveto ld
/t/show ld
/L/lineto ld
/RL/rlineto ld
/ML/setmiterlimit ld
/CT/concat ld
/f/fill ld
/N/newpath ld
/S/stroke ld
/CC/setcmykcolor ld
/A/ashow ld
/cp/closepath ld
/RC/setrgbcolor ld
/LJ/setlinejoin ld
/GC/setgray ld
/LW/setlinewidth ld
/LC/setlinecap ld
/LJ/setlinejoin ld
/SD/setdash ld
/M/moveto ld
/TX/translate ld
/R/rotate ld
/SC/scale ld

/CIRC {0 360 arc}bd
/F {exch findfont exch scalefont setfont}bd
/edef{ exch def } def
/scaleImg{ % width height outputDPI scaleImg
   /outputDPI edef
   /height edef
   /width edef
   /psDPI 72 def
   /sDPI psDPI outputDPI div def % DPI scale
   width sDPI mul % width * (psDPI / outputDPI)
   height sDPI mul
   scale
} def

% LineAttribute methods.linewidth linejoin linecap [dashpattern] dashOffset colorVal(s) <method>
/LAG {setgray setdash setlinecap setlinejoin setlinewidth} bd
/LAR {setrgbcolor setdash setlinecap setlinejoin setlinewidth} bd
/LAC {setcmykcolor setdash setlinecap setlinejoin setlinewidth} bd

% draw line impl
/DL { % VertexList NVerts StartPt DL
  N moveto { lineto } repeat stroke} def
% draw unfilled polyline impl
/DPL { % VertexList NVerts StartPt DPL
  N moveto { lineto } repeat closepath stroke} def
% draw filled polyline impl
/DPLF { % VertexList NVerts StartPt DPLF
  N moveto { lineto } repeat closepath fill } def
/DRL { % VertexList NVerts StartPt DRL
  N moveto { rlineto } repeat stroke} def
% draw unfilled polyline impl
/DRPL { % VertexList NVerts StartPt DRPL
  N moveto { rlineto } repeat closepath stroke} def
% draw filled polyline impl
/DRPLF { % VertexList NVerts StartPt DRPLF
  N moveto { rlineto } repeat closepath fill } def

%%Page: 1 1
%%PageBoundingBox:    0     0   619   268
%%BeginPageSetup
N
0 0 M
618.4 0 L
618.4 267.15 L
0 267.15 L
cp
clip
1.00 GC
0 267.15 618.4 267.15 618.4 0 3 0 0 DPLF
[   0.5 0 0  -0.5 0 267.15] CT
%%EndPageSetup
-2.2 -11.5 TX
1.00 LW
1238 50 1238 479 312 479 3 312 50 DPLF
/Arial 36 F
0.13 GC
GS
481 37.5 M
1 -1 scale
(Reasons for no inclusion in the study) t
GR
1.00 2 0 [] 0 0.13 LAG
312 50 1 312 479 DL
0.07 0.44 0.75 RC
1153.82 142.76 312 142.76 312 96.38 3 1153.82 96.38 DPLF
873.21 200.73 312 200.73 312 154.35 3 873.21 154.35 DPLF
873.21 258.7 312 258.7 312 212.32 3 873.21 212.32 DPLF
732.91 316.68 312 316.68 312 270.3 3 732.91 270.3 DPLF
592.61 374.65 312 374.65 312 328.27 3 592.61 328.27 DPLF
452.3 432.62 312 432.62 312 386.24 3 452.3 386.24 DPLF
2.00 0 0 [] 0 0.13 LAG
312 142.76 1153.82 142.76 1153.82 96.38 3 312 96.38 DPL
312 200.73 873.21 200.73 873.21 154.35 3 312 154.35 DPL
312 258.7 873.21 258.7 873.21 212.32 3 312 212.32 DPL
312 316.68 732.91 316.68 732.91 270.3 3 312 270.3 DPL
312 374.65 592.61 374.65 592.61 328.27 3 312 328.27 DPL
312 432.62 452.3 432.62 452.3 386.24 3 312 386.24 DPL
/Arial 24 F
GS
1176.27 128.07 M
1 -1 scale
(30%) t
GR
GS
895.66 186.04 M
1 -1 scale
(20%) t
GR
GS
895.66 244.01 M
1 -1 scale
(20%) t
GR
GS
755.36 301.99 M
1 -1 scale
(15%) t
GR
GS
615.05 359.96 M
1 -1 scale
(10%) t
GR
GS
474.75 417.93 M
1 -1 scale
(5%) t
GR
/Arial 26.4 F
GS
708.5 540.8 M
1 -1 scale
(Percentage) t
GR
2.00 2 2 [] 0 0.13 LAG
1238 479 1 312 479 DL
1238 50 1 312 50 DL
312 469.74 1 312 479 DL
312 50 1 312 59.26 DL
452.3 469.74 1 452.3 479 DL
452.3 50 1 452.3 59.26 DL
592.61 469.74 1 592.61 479 DL
592.61 50 1 592.61 59.26 DL
732.91 469.74 1 732.91 479 DL
732.91 50 1 732.91 59.26 DL
873.21 469.74 1 873.21 479 DL
873.21 50 1 873.21 59.26 DL
1013.52 469.74 1 1013.52 479 DL
1013.52 50 1 1013.52 59.26 DL
1153.82 469.74 1 1153.82 479 DL
1153.82 50 1 1153.82 59.26 DL
/Arial 24 F
GS
305.5 509.8 M
1 -1 scale
(0) t
GR
GS
445.8 509.8 M
1 -1 scale
(5) t
GR
GS
579.11 509.8 M
1 -1 scale
(10) t
GR
GS
719.41 509.8 M
1 -1 scale
(15) t
GR
GS
859.71 509.8 M
1 -1 scale
(20) t
GR
GS
1000.02 509.8 M
1 -1 scale
(25) t
GR
GS
1140.32 509.8 M
1 -1 scale
(30) t
GR
312 479 1 312 50 DL
1238 479 1 1238 50 DL
321.26 119.57 1 312 119.57 DL
1238 119.57 1 1228.74 119.57 DL
321.26 177.54 1 312 177.54 DL
1238 177.54 1 1228.74 177.54 DL
321.26 235.51 1 312 235.51 DL
1238 235.51 1 1228.74 235.51 DL
321.26 293.49 1 312 293.49 DL
1238 293.49 1 1228.74 293.49 DL
321.26 351.46 1 312 351.46 DL
1238 351.46 1 1228.74 351.46 DL
321.26 409.43 1 312 409.43 DL
1238 409.43 1 1228.74 409.43 DL
GS
116.2 128.07 M
1 -1 scale
(Missing signature) t
GR
GS
120.2 186.04 M
1 -1 scale
(Language barrier) t
GR
GS
104.2 244.01 M
1 -1 scale
(Clinical preference) t
GR
GS
154.2 301.99 M
1 -1 scale
(Did not attend) t
GR
GS
0.2 359.96 M
1 -1 scale
(Missing genetic confirmation) t
GR
GS
74.2 417.93 M
1 -1 scale
(Declined participation) t
GR
%%Trailer
%%Pages: 1
%%EOF
